5.907585, 9.598613, 6.558617, 5.320758, 6.982108, 9.157107, 9.155115, 7.839432, 5.241919, 5.290217, 8.173591, 9.263585, 5.552447, 8.448499, 9.500823, 5.987198, 6.003086, 7.376284, 8.595373, 5.12, 9.72906, 8.632057, 9.755699, 5.004588, 9.010827, 5.286421, 6.833989, 6.926926, 9.530732, 6.548235, 6.576263, 9.967603, 8.214022, 6.739499, 7.205164, 6.861627, 6.223615, 9.184977, 6.557778, 7.945124, 7.294082, 5.574129, 6.698554, 6.555531, 9.772313, 5.275881, 6.997962, 9.461675, 8.832373, 6.249993, 8.465899, 7.92899, 8.175608, 6.610163, 8.112046, 5.683762, 8.473159, 6.952377, 7.124493, 8.427445, 9.700706, 6.474597, 9.684276, 5.078971, 5.818901, 9.312867, 9.212723, 7.405481, 6.24655, 5.538433, 7.274333, 6.627018, 7.71242, 5.762871, 6.621725, 8.788359, 7.609038, 6.66119, 7.570695, 6.547756, 9.251797, 5.799114, 9.181149, 6.233866, 7.941539, 9.33131, 6.713922, 8.575652, 9.392251, 9.206927, 7.551289, 7.190656, 5.775077, 8.861798, 7.900943, 6.800763, 6.206783, 7.527388, 8.948541, 8.337902
16, 67, 96, 24
35, 3, 96
67, 79, 46, 15, 50
30, 48
2, 54, 91, 56, 69, 71
50, 75, 94, 16, 69
30, 44, 69
32, 63, 47, 59
68, 32, 85, 49, 89, 56
12, 59, 93, 40, 65, 18
50, 90
4, 72, 77, 82, 51, 44, 34
69, 68, 36, 73, 37, 87
87, 72, 9, 97
63, 15, 52, 66
84, 21, 38, 44
62, 21, 13
10, 28
43, 45, 87, 66, 22, 97, 25
66, 8, 96, 55, 64
69, 81, 91, 27, 86
7, 63, 8
3, 71, 57, 100
89, 20
24, 31, 79, 88, 1, 35, 65
57, 82, 77, 83
17, 60
69, 99, 82, 30, 5, 37, 33
54, 8
8, 17, 42, 10, 50, 77, 26
31, 62, 14
58, 15, 86, 22, 32, 55, 40
45, 58, 84, 96, 33
16, 93, 5, 14, 79, 69
83, 12, 92
24, 4, 17
91, 9, 17, 86, 61
39, 49
3, 56, 52, 10, 16
29, 9, 83, 54, 47
26, 16, 62, 28, 58, 13, 76
84, 35, 65, 52, 63
31, 46, 88, 75
46, 87, 73
14, 39
70, 83, 46, 3, 58, 7, 18
35, 74, 51, 77, 33, 86
1, 91, 46, 100, 89, 54
15, 8
51, 80, 19, 94, 21, 39, 79
76, 6, 63, 29
44, 77, 61, 50
92, 93, 71, 41, 77, 27, 86
42, 95, 35, 60
94, 70
88, 49, 59, 22, 67, 7
49, 23
74, 41, 95, 16
72, 70, 3
92, 65, 91, 99, 45, 66
79, 28, 65
51, 64
53, 33, 99, 91, 92
60, 18, 81, 69, 40, 44, 74
71, 75, 6, 42, 92, 94
39, 67, 31, 40
92, 15, 67, 85
56, 77, 43, 44, 67
57, 79, 21
11, 78, 98, 37, 7, 48
