18.28213, 24.83892, 15.24235, 16.18267, 16.96004, 22.99075, 24.56713, 18.95673, 23.26204, 23.63845, 16.19603, 23.64087, 16.77324, 18.8294, 20.13438, 16.66216, 23.04588, 18.33306, 18.79211, 17.29054, 19.91788, 22.10446, 24.65377, 16.0085, 16.29196, 22.00475, 23.41608, 18.92338, 23.56708, 19.77854, 9.964187, 5.415178, 7.645993, 9.617023, 6.355089, 5.105849, 6.938167, 8.117146, 5.503841, 9.575948, 8.806013, 9.042607, 7.788853, 7.90523, 7.30087, 5.650266, 5.728622, 9.382434, 8.170905, 7.26499, 7.847059, 9.486093, 7.557987, 9.703918, 5.26957, 8.93234, 9.735979, 5.004814, 8.241641, 6.056329, 9.877781, 6.765684, 8.62816, 7.345728, 9.089955, 5.764518, 8.530493, 6.473238, 9.016245, 8.494108, 9.69417, 6.814055, 5.428675, 7.850606, 8.252587, 8.812744, 7.340738, 5.125944, 7.809278, 5.4016, 8.418389, 5.951034, 8.547424, 9.896997, 9.723504, 6.531624, 6.040176, 6.74242, 8.35912, 7.989026, 8.041289, 9.533876, 7.384153, 6.270771, 8.464519, 6.510932, 8.431194, 6.010503, 5.022304, 9.598921
4, 18, 24, 86
24, 65, 68, 33, 94
8, 73
81, 54, 21, 63, 58
5, 50, 11, 6, 44, 56
9, 68, 42, 7
8, 11, 92, 27, 93
82, 2, 12, 23, 6, 15
61, 69, 1, 33, 16, 89, 80
85, 23
26, 73, 21, 83, 23, 49
54, 43, 10, 75, 91
27, 83, 14
84, 48, 64, 56, 88
82, 96, 84
54, 40, 13, 65
85, 38
73, 46, 63, 6
85, 62
32, 59, 52
90, 76, 68, 83, 30, 16, 87
68, 42, 20
56, 62, 89, 6, 64
99, 63, 26, 73, 58, 72, 60
42, 58, 16, 75, 32, 60
73, 46, 59, 47, 10
49, 59, 7, 10
29, 68, 15, 72, 31
94, 41, 19, 92
15, 97, 43, 73
32, 54, 34, 9, 85, 58, 80
19, 3, 56
7, 20
72, 4, 94, 23, 73, 43
76, 3, 28, 81, 90, 43
85, 29, 61, 39, 71
61, 74, 29, 7, 32, 1, 55
8, 66, 69, 31
14, 28, 47, 26, 41, 10, 50
30, 61, 8, 31, 95, 74, 83
44, 71, 23
57, 59, 37, 28, 45, 62, 19
43, 82, 51, 18, 100
28, 46
70, 73, 21, 40
24, 91, 92, 95
24, 96, 31, 7, 32, 89, 94
50, 79
47, 19, 97, 30, 32, 70
49, 62
48, 92, 89
89, 26, 35, 41
88, 72, 34, 38, 20, 36
81, 4
56, 33
90, 73
90, 10, 14, 64, 85, 33
41, 82
29, 93, 6, 45, 88, 100
72, 21, 63, 55
75, 95, 22, 13, 51
50, 36, 40, 92, 72, 32, 4
23, 65, 66, 3, 26, 61
36, 93, 76, 20, 38, 81
61, 93
93, 96, 21, 23
59, 99, 9, 42
74, 70
72, 87
56, 97
29, 69, 6
93, 14
22, 81
83, 20
51, 95, 96, 69, 48, 66
58, 8, 48, 70
44, 80, 10, 59, 73
96, 37
20, 3, 53
90, 16, 29, 44, 84
33, 39
42, 31, 28, 97, 26, 100, 90
57, 90, 50, 75, 21, 37, 96
27, 33, 65, 35, 24
11, 75
99, 97, 5, 55, 56, 41, 67
82, 84, 27, 65
9, 77
20, 61
99, 12, 9, 22
90, 63, 62, 61, 92
72, 22, 65, 25, 69
16, 91, 50, 28
27, 6, 56, 60, 65, 90, 92
78, 96
45, 5, 55, 96
24, 20, 41
26, 28, 90, 68
39, 12, 18, 32, 24, 34, 90
56, 92, 82
23, 20, 32, 75
36, 31, 7, 88, 42, 49
2, 78, 17, 32, 76, 20, 47
92, 72, 39, 37, 88
29, 17, 66, 13, 96, 26, 73
87, 100, 93
49, 10, 25, 90, 5
67, 62, 41, 27, 9, 37, 55
1, 34, 37, 51, 63, 24, 60
95, 58, 27, 52
32, 87, 14, 16, 31, 47
35, 42, 57, 53, 14
73, 77, 91, 41
60, 35, 24, 2
25, 23
85, 8, 3
90, 50, 57, 97
33, 49
89, 55, 29, 41, 15, 85, 20
85, 47, 40, 10, 98
72, 33, 28, 56, 25, 82
38, 2, 33, 12, 62
89, 51
78, 31, 16, 83, 72
98, 6
37, 47, 2, 6, 14, 69, 53
74, 91, 18
61, 73
70, 32, 8, 25, 89, 37
21, 27
14, 56, 13, 69, 5
58, 39
54, 6, 12, 9, 79
68, 48
32, 67, 52
55, 95, 36, 50, 18, 57, 46
12, 29, 64
48, 39, 30, 49, 86, 23
24, 6, 12, 28
62, 87, 95, 53, 34, 16
