9.489732, 8.774971, 6.791665, 6.040621, 5.92308, 9.278839, 8.256821, 6.103044, 5.283439, 8.271419, 5.395916, 6.585262, 9.486172, 9.74386, 7.953371, 7.034448, 6.287432, 9.673187, 9.378853, 7.632091, 9.447665, 8.939396, 5.718821, 8.524689, 6.269841, 5.697217, 7.51648, 5.85551, 8.908335, 6.215708, 6.316073, 8.236285, 7.989177, 5.656907, 8.074705, 7.39528, 8.383304, 5.09173, 7.363175, 7.925531, 9.423744, 5.283195, 8.607221, 7.757435, 8.242857, 9.091318, 6.588977, 9.316895, 9.777339, 7.638574, 7.258945, 9.295882, 6.724835, 9.378931, 8.282455, 7.844838, 7.732917, 9.333974, 7.902751, 9.011907, 6.631806, 8.496006, 8.025761, 5.285715, 6.123652, 8.687807, 9.858564, 5.611557, 9.692594, 9.081724
6, 43, 16, 30, 69, 46, 13, 10, 66, 60, 62, 67, 19, 39, 7, 23, 29, 31, 64, 50, 9, 12, 18, 45, 20, 63, 14, 3, 24, 49, 4, 41, 59
8, 7, 53, 61, 65, 9, 38, 51, 34, 35, 4, 14, 33, 37, 24, 30, 3, 26, 13, 56, 20, 28, 60, 18, 44, 66, 41, 1, 11, 21, 57, 29, 43, 39, 32
28, 62, 69, 19, 47, 12, 26, 30, 16, 27, 32, 3, 38, 37, 48, 36, 21, 67, 2, 42, 60, 41, 51, 66, 10, 4, 14, 70, 22, 25, 55, 6, 13, 65, 5, 31, 33, 46, 58, 64
24, 37, 66, 38, 16, 30, 9, 70, 4, 5, 10, 41, 22, 11, 3, 61, 36, 25, 68, 59, 63, 47, 51, 26, 2, 32, 29, 54, 13, 28, 46, 31, 65, 6, 20, 34
54, 16, 33, 55, 44, 37, 70, 46, 61, 21, 22, 15, 39, 50, 36, 47, 17, 23, 11, 45, 13, 14, 35, 4, 63, 41, 53, 56, 7, 30, 64, 67, 60, 42, 29
55, 28, 2, 23, 63, 10, 16, 61, 41, 56, 36, 27, 7, 12, 6, 33, 3, 15, 30, 54, 34, 13, 18, 40, 65, 47, 31, 66, 24, 64
37, 29, 45, 66, 36, 46, 4, 63, 49, 68, 1, 58, 21, 10, 56, 61, 64, 62, 35, 7, 53, 33, 24, 42, 70, 27, 6, 30, 5, 34
50, 21, 31, 63, 42, 27, 32, 69, 19, 1, 5, 62, 30, 23, 9, 39, 64, 37, 40, 38, 7, 11, 4, 33, 2, 58, 53, 46, 48, 52, 47, 34
57, 65, 29, 54, 15, 50, 17, 38, 69, 22, 28, 11, 36, 37, 58, 33, 68, 56, 63, 66, 24, 70, 47, 27, 41, 53, 48, 14, 51, 61, 12, 46
14, 62, 64, 20, 31, 8, 34, 63, 39, 49, 3, 10, 50, 21, 12, 67, 57, 35, 27, 19, 61, 47, 29, 6, 48, 51, 11, 7, 70, 59, 2, 18, 33, 28, 52, 55, 30, 38
17, 21, 26, 11, 8, 60, 24, 42, 49, 55, 25, 63, 20, 16, 22, 54, 1, 52, 40, 34, 68, 23, 3, 47, 53, 29, 13, 59, 37, 66, 44
36, 59, 6, 42, 3, 40, 68, 34, 46, 17, 2, 50, 70, 33, 53, 64, 52, 44, 29, 4, 54, 8, 7, 16, 38, 25, 20, 39, 49, 45, 60, 12
29, 20, 18, 44, 64, 59, 54, 55, 50, 27, 3, 23, 45, 41, 36, 16, 22, 8, 43, 47, 5, 38, 69, 13, 14, 39, 1, 11, 35, 62, 61, 56, 32, 6, 66, 52, 46, 63, 26
38, 42, 53, 59, 11, 26, 51, 56, 57, 9, 14, 64, 19, 48, 22, 20, 67, 1, 12, 33, 7, 55, 16, 37, 15, 45, 62, 40, 36, 30, 39, 41, 4, 35, 60, 28, 27
32, 46, 70, 54, 43, 47, 35, 22, 19, 45, 24, 49, 60, 66, 37, 16, 51, 44, 12, 5, 40, 14, 27, 67, 56, 31, 62, 29, 6, 63, 8, 68, 7, 59, 39, 55, 34
51, 49, 55, 62, 12, 39, 48, 68, 8, 28, 24, 61, 44, 32, 11, 17, 47, 13, 6, 7, 31, 30, 65, 10, 22, 2, 53, 36, 67, 26
59, 45, 32, 68, 44, 15, 4, 51, 50, 58, 38, 54, 42, 30, 36, 70, 62, 65, 63, 47, 18, 37, 25, 61, 41, 26, 66, 22, 24, 20, 12, 52, 40, 57, 7, 56
1, 18, 48, 49, 67, 41, 6, 59, 58, 11, 25, 16, 12, 43, 33, 53, 61, 63, 69, 3, 9, 8, 17, 26, 44, 32, 2, 35, 24, 29, 47, 10, 62, 36, 50, 7, 66, 27, 52
18, 69, 62, 51, 49, 2, 29, 37, 32, 66, 28, 56, 59, 55, 23, 67, 22, 63, 7, 35, 43, 68, 6, 12, 21, 31, 25, 57, 14, 4, 17, 15
12, 22, 38, 40, 34, 57, 28, 58, 21, 43, 32, 67, 25, 1, 19, 24, 27, 11, 23, 48, 59, 5, 18, 60, 66, 4, 39, 14, 65, 45, 13, 8, 52, 62, 35, 55, 31
57, 53, 58, 42, 55, 34, 27, 40, 63, 68, 16, 19, 15, 59, 21, 30, 1, 70, 29, 32, 20, 28, 45, 52, 13, 64, 12, 9, 36, 56, 18, 54, 4, 47
58, 68, 63, 15, 33, 25, 45, 27, 29, 50, 24, 67, 7, 10, 20, 23, 11, 5, 34, 17, 35, 41, 48, 52, 31, 51, 39, 43, 26, 28, 54, 57
38, 48, 67, 59, 4, 60, 70, 55, 3, 18, 14, 15, 69, 28, 47, 17, 62, 23, 8, 65, 37, 56, 35, 30, 46, 66, 61, 29, 44, 21, 16, 24, 63
5, 68, 48, 18, 19, 41, 14, 30, 42, 31, 22, 32, 69, 1, 51, 13, 12, 11, 29, 46, 6, 9, 36, 47, 33, 8, 59, 49, 62, 20, 53, 52, 43, 35, 56, 7, 17, 55
27, 40, 26, 7, 64, 37, 58, 12, 63, 15, 47, 35, 33, 6, 51, 21, 4, 57, 16, 32, 8, 54, 66, 49, 24, 18, 61, 45, 42, 46, 36, 10, 62, 5, 38, 30, 70, 50, 23, 17
64, 66, 4, 39, 62, 59, 69, 55, 45, 21, 28, 12, 2, 53, 18, 65, 70, 1, 54, 38, 5, 16, 44, 26, 61, 58, 42, 50, 9, 7
38, 37, 62, 30, 1, 21, 40, 45, 4, 13, 50, 18, 53, 34, 32, 60, 14, 28, 12, 7, 67, 35, 15, 42, 56, 58, 16, 24, 46, 19, 54, 17, 59, 22, 29, 43, 63, 9, 65
13, 56, 2, 50, 70, 9, 34, 61, 26, 37, 4, 40, 30, 21, 7, 67, 55, 39, 25, 17, 18, 28, 58, 57, 12, 27, 60, 65, 69, 33, 52, 54, 47
23, 70, 69, 7, 33, 25, 1, 35, 28, 55, 40, 8, 64, 20, 13, 57, 37, 11, 51, 19, 61, 65, 15, 56, 21, 58, 53, 26, 29, 49, 36, 50, 46, 39
39, 47, 33, 57, 1, 6, 44, 26, 20, 66, 62, 61, 50, 67, 68, 60, 42, 24, 65, 9, 15, 18, 17, 2, 40, 56, 25, 37, 52, 4
44, 7, 11, 55, 58, 37, 9, 52, 4, 51, 49, 2, 47, 62, 32, 50, 63, 21, 69, 28, 27, 68, 14, 15, 25, 48, 39, 10, 3, 42, 6, 5, 41, 56, 22, 31, 57, 35, 65
24, 62, 46, 49, 34, 39, 51, 48, 19, 14, 21, 4, 70, 44, 26, 9, 2, 41, 57, 35, 25, 55, 13, 65, 36, 11, 63, 27, 69, 45, 28, 16, 47, 12, 68, 33, 20
28, 44, 24, 31, 61, 26, 57, 12, 38, 27, 2, 60, 70, 19, 42, 59, 4, 51, 1, 16, 20, 45, 47, 58, 62, 6, 25, 7, 29, 41, 52, 65, 69, 55, 39, 36, 50, 32
45, 10, 6, 25, 69, 7, 9, 57, 24, 18, 46, 59, 53, 54, 63, 47, 28, 43, 23, 11, 17, 33, 50, 52, 51, 37, 67, 20, 66, 21, 14, 42, 64, 19, 31
28, 49, 13, 18, 20, 31, 62, 23, 3, 63, 10, 53, 69, 27, 17, 14, 58, 41, 60, 45, 50, 9, 64, 52, 33, 43, 48, 4, 56, 47, 16, 35
65, 55, 69, 5, 29, 3, 4, 68, 18, 64, 52, 24, 7, 1, 23, 15, 22, 58, 46, 33, 10, 67, 45, 26, 66, 70, 53, 42, 56, 62, 28, 34, 61, 25, 57, 19
68, 42, 60, 70, 33, 5, 16, 43, 13, 9, 40, 44, 52, 57, 23, 53, 66, 69, 62, 36, 51, 35, 10, 17, 26, 63, 39, 12, 64, 27, 50, 20, 18
68, 7, 44, 22, 55, 27, 62, 58, 69, 51, 65, 45, 32, 12, 8, 49, 43, 46, 17, 60, 24, 50, 47, 66, 42, 29, 64, 26, 40, 35, 23, 20, 63, 1, 19, 28, 11
33, 58, 4, 49, 19, 22, 17, 20, 23, 35, 43, 40, 69, 50, 51, 55, 46, 15, 7, 32, 21, 36, 2, 38, 3, 8, 39, 45, 41, 14, 56, 31, 57
26, 69, 59, 21, 2, 6, 39, 63, 16, 20, 68, 67, 43, 42, 19, 18, 60, 31, 25, 14, 29, 12, 51, 41, 23, 53, 45, 24, 64, 58, 30, 8, 70, 34, 52, 37, 4, 13
46, 54, 56, 25, 57, 18, 27, 6, 1, 36, 21, 45, 15, 33, 50, 10, 3, 70, 24, 53, 60, 22, 62, 37, 2, 28, 31, 17, 64, 19, 67
7, 5, 33, 60, 18, 66, 67, 70, 12, 57, 34, 53, 15, 14, 8, 49, 43, 26, 19, 28, 13, 51, 27, 61, 10, 55, 24, 69, 47, 54, 56
13, 1, 55, 25, 67, 23, 64, 41, 17, 27, 48, 44, 65, 51, 12, 31, 62, 19, 15, 42, 10, 18, 39, 70, 61, 50, 21, 66, 38, 57
8, 33, 62, 31, 25, 41, 27, 43, 17, 69, 44, 23, 65, 67, 12, 60, 21, 39, 1, 38, 50, 59, 5, 18, 55, 4, 57, 19, 64, 68
49, 11, 17, 19, 15, 53, 45, 70, 4, 69, 60, 58, 46, 31, 56, 55, 5, 51, 67, 43, 68, 64, 41, 34, 30, 9, 29, 63, 18, 32, 1, 39, 62, 26, 10, 37
58, 29, 20, 11, 62, 33, 35, 36, 60, 54, 57, 7, 38, 21, 19, 4, 40, 66, 48, 64, 42, 24, 43, 14, 55, 61, 28, 1, 50, 15, 47, 18, 31, 30, 53, 2, 68, 37
45, 63, 15, 47, 46, 8, 27, 9, 60, 25, 35, 51, 61, 50, 44, 18, 48, 67, 65, 33, 7, 41, 53, 14, 1, 23, 43, 70, 24, 12, 49
42, 59, 32, 39, 37, 15, 9, 58, 69, 50, 28, 44, 33, 61, 5, 34, 49, 65, 55, 40, 57, 67, 4, 54, 41, 22, 2, 66, 60, 70, 21, 11, 45, 68, 48, 29, 10, 24, 46
54, 10, 67, 53, 46, 35, 26, 31, 14, 3, 24, 37, 13, 22, 33, 8, 29, 48, 7, 50, 49, 17, 11, 1, 42, 45, 64, 61, 62, 6, 52, 39, 44, 57
57, 9, 62, 47, 63, 22, 50, 44, 52, 32, 10, 51, 23, 66, 40, 38, 48, 35, 29, 55, 69, 31, 67, 13, 34, 12, 2, 61, 41, 37, 5, 27, 8, 30, 36
