1, 2, 3, 4, 5, 6, 7, 8, 9, 10, 11, 12, 13, 14, 15, 16, 17, 18, 19, 20, 21, 22, 23, 24, 25, 26, 27, 28, 29, 30, 31, 32, 33, 34, 35, 36, 37, 38, 39, 40, 41, 42, 43, 44, 45, 46, 47, 48, 49, 50
26, 5, 44
22, 27, 36, 26, 10, 43, 24
32, 37, 1, 43, 28
43, 9, 46, 41, 12
40, 17, 26
23, 33, 22
30, 16, 29, 12, 49, 48
25, 45
24, 44
16, 25, 35, 6, 17, 50, 14
25, 33, 6
30, 4, 5, 24, 49, 29, 44
16, 44, 46, 5
27, 33, 6, 26, 40, 1, 18
3, 28, 33, 5, 17, 27, 37
43, 18, 49, 26
9, 18
14, 39, 33, 47, 29
42, 2, 31, 28, 15
47, 50, 3, 46, 8
8, 20, 19, 48, 45
49, 39, 31
47, 26, 49, 4
34, 25, 50
3, 42, 36, 37, 16, 19, 45
29, 33
34, 24, 47, 40, 8, 20
34, 13
44, 16, 17
23, 11, 21, 29
45, 28, 34, 26, 29, 32, 1
46, 14, 33, 38, 47, 18
11, 4, 32, 2, 18, 27
33, 6, 28
7, 37, 30, 44, 39, 3, 49
