90.30491, 76.72445, 39.04163, 24.77179, 22.53852, 86.29793, 66.8796, 25.95784, 10.38535, 67.15696, 12.52241, 35.11998, 90.23727, 95.13333, 61.11404, 43.65452, 29.4612, 93.79056, 88.1982, 55.00972, 89.50564, 79.84853, 18.65759, 71.96909, 29.12698, 18.24712, 52.81311, 21.2547, 79.25836, 28.09845, 30.00538, 66.48942, 61.79436, 17.48123, 63.4194, 50.51032, 69.28277, 6.742865, 49.90033, 60.58508, 89.05114, 10.38071, 73.53721, 57.39127, 66.61428, 82.73503, 35.19056, 87.02101, 95.76944, 55.13292, 47.91995, 86.62176, 37.77187, 88.19969, 67.36664, 59.05191, 56.92543, 87.34551, 60.15227, 81.22624, 36.00432, 71.42411, 62.48945, 10.42858, 26.34939, 75.06834, 97.31272, 16.61958, 94.15928, 82.55275, 36.02292, 11.84162, 63.44264, 27.14021, 46.13382, 66.77184, 71.89516, 23.27829, 19.73063, 70.11756, 97.69778, 71.9016, 52.03981, 35.38567, 68.45812, 16.21619, 43.20672, 55.97358, 59.77319, 27.82308, 97.66907, 21.39472, 27.78236, 38.94462, 94.679, 45.7775, 25.60099, 34.82199, 10.13303, 57.31548, 32.01433, 13.29126, 33.76095, 77.68444, 50.56769, 15.62996, 13.7201, 78.16687, 90.29803, 98.44188, 16.7583, 60.91581, 80.80121, 55.81838, 58.04281, 10.5937, 26.40898, 58.2954, 65.87429, 45.36315, 55.20569, 9.183015, 50.03576, 27.82449, 48.83952, 42.43794, 59.09366, 11.62121, 39.64431, 95.15283, 22.70142, 92.06202, 7.012056, 29.03332, 53.53593, 90.97903, 75.35183, 6.398574, 77.53145, 88.0214, 94.69318, 42.91842, 90.24295, 91.12352, 30.80889, 71.88803, 21.31191, 43.03518, 49.75997, 28.21116, 46.88901, 55.32934, 8.389433, 66.50248, 66.06268, 85.62656, 66.69177, 41.28429, 37.41888, 7.710693, 81.59809, 64.99556, 84.12697, 87.65118, 98.3701, 24.8942, 12.46512, 33.34488, 65.88877, 53.71522, 60.64015, 88.76929, 17.95395, 35.34981, 34.92591, 16.55991, 87.08436, 95.50253, 33.7801, 41.88309, 83.50307, 63.10473, 37.10383, 55.83225, 97.02147, 57.86518, 26.71039, 48.41289, 16.87556, 40.58904, 9.686924, 11.97781, 19.9119, 69.45487, 40.66393, 22.64855, 9.632039, 13.47847, 68.13342, 48.16702, 32.98701, 80.8153, 49.46464, 94.59868, 85.05651, 57.11353, 8.327504, 72.18937, 66.38174, 83.0471, 32.82416, 69.48962, 9.613221, 80.35723, 78.85779, 18.01796, 56.72949, 94.77087, 53.44054, 77.97767, 26.5203, 50.38805, 81.88075, 67.486, 58.44438, 84.91729, 73.90257, 98.32184, 36.15909, 38.39281, 28.38008, 67.40579, 87.45628, 64.83501, 86.01206, 34.84744, 44.53379, 23.30909, 87.40252, 28.67032, 30.67102, 72.30774, 13.0632, 97.99472, 91.23191, 54.35948, 82.60288, 18.87682, 73.45705, 45.25345, 14.46988, 58.70835, 21.55276, 80.00814, 9.031511, 79.34541, 43.24743, 7.476273, 36.96088, 95.47336, 19.13234, 28.02035, 96.2726, 66.92089, 90.71647, 61.98853, 47.22231, 16.16976, 24.20971, 15.03616, 61.98797, 9.132101, 30.69785, 58.25088, 8.929102, 69.50969, 30.16378, 39.90725, 84.46514, 24.01355, 87.82257, 71.41616, 17.93976, 58.59578, 40.61713, 11.43297, 55.02327, 44.02579, 66.47485, 97.43901, 55.80506, 71.94798, 9.819272, 99.28091, 79.22189, 74.35653, 5.235854, 97.25399, 38.63569, 21.09342
244, 19, 273
38, 291, 199
263, 240
37, 203
244
211
136
187, 124, 147
91
24
155
46, 211
205, 227
38, 62, 20
13, 198, 245
22
246, 259, 61
282, 124, 237
229
177
107, 137, 54
193, 190
157, 202
87, 142, 225
171, 263, 237
97, 106
88, 168
58, 269, 280
138
156
185, 239, 12
257
61, 105
195, 153
291, 281
39, 185
71, 45
71
138
224, 219, 166
297, 53, 72
115
35
111, 198, 235
122, 210, 99
116
5, 290, 227
154, 136
298
188, 87, 287
53, 94, 75
255, 27
13, 181
158
80, 10, 251
173, 280
286
164, 19, 168
41
243
133, 266
177
90
121, 84, 78
291, 271
259, 240, 128
114
216, 191, 84
44, 248
25, 232, 121
90
5, 73, 245
201
253, 47, 176
117
244, 203
182, 230
49, 116, 236
272, 43, 69
96, 252, 113
283, 3
193
121
235
296
275, 251
290, 228, 30
112, 238, 237
136, 198, 140
194, 216, 159
90, 217
245, 123
197, 84, 280
67, 27, 239
165
238
124, 198, 38
53, 241
107
137, 293, 2
213, 239, 275
179
259, 38, 134
138, 227
56, 89
72, 31, 37
180, 243
140
86
55, 189, 163
196, 141, 139
66, 15
238, 283, 185
215, 157, 187
274, 85, 290
106, 222, 150
262, 169, 293
166, 142
182
243
60
5, 76, 210
223, 185, 25
279, 51, 124
61
175, 284, 59
103
52
104
285, 208
240
210, 193
94
70, 56, 65
168, 69, 74
272, 225, 220
132
155, 237
284, 288
122, 277, 121
40, 202, 257
32, 71
205, 164
97, 27, 127
193, 49
165
155, 259
273, 97
158, 200, 126
99
146, 57
283, 239
111
219, 27, 262
6
96
175
286, 198
117, 241, 229
188, 247, 155
189, 300
78, 94, 75
113
5, 103
189, 119
278, 183
178
60
154, 134, 7
233
245
276, 63, 149
210, 124
242, 120
36
105
60, 24
95, 205
300, 215, 197
260, 296
200, 82
97
208, 291
18, 276, 175
14, 85, 66
245
252, 90
130
82
283, 217, 186
21, 117, 195
150, 120
134, 238
293
81, 83, 184
140
149, 109, 158
3, 268, 71
58
267, 36
221
215, 52, 217
299
76, 215
278
55, 143, 109
114, 170, 112
289
270, 55
71
175, 166, 31
113, 18, 33
184
23
26, 153, 118
121
172, 265, 77
34
251
69, 209, 160
275
17, 171, 280
290, 260, 216
137, 58
275
62
4, 257, 220
93
161, 131, 9
34, 59, 48
161, 160, 271
4, 96
215, 17
249
270
167, 270
157
39
214, 93
205, 183, 106
227, 133
131, 139
242, 203
80, 195, 95
241
221
41
288, 122
16, 202
107, 34
274, 220, 140
105
185, 129
176
58
237
136, 163
99, 100
28
112, 3
134, 265
38, 2
67, 108
57, 294, 108
151, 92
136
70
205, 176
151, 164, 157
166
145, 252, 3
206
95, 4
4
296, 173, 105
133, 31, 51
107
11, 258
165, 255, 43
247
27, 48
264, 167, 40
18, 246, 241
239
171
289, 118, 40
157, 66
90
88, 263
19
43
24
178, 257, 32
299, 214, 100
201, 218, 153
236, 225
66
19, 124
138, 47, 8
250, 205, 144
81
233, 73, 86
134, 78
120, 119, 95
275, 172, 230
190, 104
274, 118
57, 180, 132
6
96, 223
18
2, 89, 118
290, 173, 242
168
201
7, 196, 299
215
173, 286, 153
40, 24
46, 29
268
87, 228
274, 283, 285
153, 242, 128
101
101, 142
245
137, 67
101, 74
152
59, 118, 211
79
142
107, 14, 112
269
141, 89, 72
227, 54, 263
53, 18, 60
283, 15, 23
70, 118
172, 275, 237
19, 128, 11
261
17
119, 32, 5
80, 117
261
60, 26
161, 188, 20
289
132, 207
27, 195, 6
94, 289
264, 265
21, 71
59, 43, 199
269, 294, 118
181, 233, 70
213, 214, 60
168, 281
77, 110, 192
151, 141, 211
27, 191, 96
122, 288, 272
248
225, 160
40
235, 260, 94
141, 142
154, 271, 190
180
256, 172, 146
7, 156, 235
100
250, 14
85, 98, 75
111
215, 198
261, 272, 298
83, 35, 187
217, 8
17, 50, 262
293
236
158, 233, 108
259, 90, 5
179
75, 94, 291
222, 217
99
175, 140
169
83
145, 205, 206
273, 173
58, 200, 274
285, 30, 117
194
244, 109, 258
123
1
102, 225
171
55, 13, 256
270, 123
3, 230
184
113, 193, 135
44, 29
145
80, 79, 278
58
170, 267, 75
39
236, 144, 106
77, 166
89, 62
159, 29
34
20
3
110, 300, 104
195, 78, 129
224, 118, 265
170
104
247
110
82, 174, 65
172, 267
2, 31, 142
135, 112, 187
205, 79
217, 117
159, 60, 237
216, 4
297, 136, 26
286, 21
128, 187, 118
207, 47
85
242
232, 16, 50
292, 233, 163
296, 27, 285
253, 97
256, 215, 190
194
124
2, 299, 25
83, 222, 225
122, 86, 49
149, 161, 168
265, 284, 33
107, 99
218
277, 202
142, 266, 86
264
1, 297
99, 134
241, 170, 14
267, 31
271, 62
206, 36, 122
290
171, 259
264, 233
262
44, 190, 37
292, 85, 1
290, 154
84, 300
179, 252, 139
169, 66
275
243, 135, 221
259, 26
272, 83
235, 299
25, 249, 261
11, 253
201, 152
169
29, 240, 85
255, 133, 230
294
208, 157, 120
68, 13
184, 63
177, 42
267, 38
292, 103, 68
269
173, 15, 96
51
204, 177, 158
38, 271, 206
101, 232, 208
155, 49, 258
232, 209
263, 196, 163
54, 187, 289
219
10
287, 269, 35
61, 241, 295
4, 114
132
8, 40, 138
256, 284, 204
25, 89, 48
223, 44
16, 141, 216
197, 287, 16
91, 90
160, 282, 14
289, 30, 281
271, 228
14, 265
260
54
276, 2
284
246
6, 94, 254
110, 265
185
164, 157
111, 139
77, 139, 207
131, 289, 151
21, 288
105, 21
166, 283, 255
297, 183
4, 300, 104
16, 38, 57
297, 177, 184
271
140, 243, 95
263, 210
46, 264, 21
210
13, 113, 80
293
253
13, 280, 298
295
201, 35
154, 124
250, 203, 40
284, 83, 172
45, 61, 9
241, 165, 21
66
80, 23
276, 90
21, 239
54, 272
36, 170, 158
76, 12, 215
78
150, 168
23, 167, 275
249, 274, 192
151
66
47, 15, 277
215, 118, 129
223
261, 227
53, 157, 191
215
41, 113
234, 108
266
18, 268
267, 124
114, 85
97, 49, 76
80
94, 142
164
164
262
285, 118
113, 195, 121
101, 215
140, 72, 213
266, 30, 277
147, 236, 177
52, 225
214, 88
291
71, 202, 145
280, 177
98, 186
79, 286, 153
65
294, 270
164, 260, 22
9
257, 34
156, 253, 232
209, 232
40
178, 182, 34
100
225
209
261, 37, 132
70, 79
158
295, 163
175, 89
262, 237
263, 229, 133
284, 101
240, 195
195, 157
91, 278
87, 109, 173
86
69
233
177
236
240, 253
70
58, 42
239, 52, 1
145, 18
170, 287
144, 285, 203
270, 166, 55
49
21, 31
235, 181, 187
34, 100, 187
231
70
82
36, 63, 37
20, 119
71, 116
53, 125, 158
61, 241
262
197, 98, 282
99
86
166, 278, 25
238
184, 285, 163
195, 276
14
22
133, 267, 17
59, 178
138
219
118, 278
114, 10
192, 274, 150
150
55
154, 255, 232
28, 248
16, 121, 183
190, 210
232
214, 129, 176
118, 65
76, 260, 135
13
190
14, 22, 292
283, 266, 93
9, 282, 300
5
103, 34, 199
283, 258, 142
29, 52, 57
88, 133, 298
300, 205
32, 149, 238
79, 296, 91
144, 168, 216
11, 260
18, 108
134
293
198
121
36, 133
52
117, 233
256, 168, 128
64, 292
58, 169, 21
264, 149
295, 117, 102
43, 172, 38
46, 153, 6
117, 183
294, 267
177
227, 51, 72
191, 231, 248
86
277
114, 83, 219
210
104
8, 251, 14
76, 227
71, 276, 46
237, 227, 265
226, 255, 205
238, 34, 242
134, 90, 209
10, 250
273, 136, 196
97
54, 261
203, 58, 144
53
30, 232
2, 130, 267
213, 75, 85
150
296, 18, 30
12, 221
262, 140, 200
106
34, 163, 30
251, 75
82, 36, 77
295, 153
285, 266
291, 127
25
111
94, 24
190, 11, 82
291, 66, 20
141
95, 250, 152
205
298, 67
108, 296, 295
175, 197
46, 157
85, 32
175
109, 196
156
157, 198, 200
141, 89, 121
142, 154
246
237, 220
180, 299
63, 169
193, 163
231, 119, 59
174, 264
113, 290
38, 64
69, 143
204
298, 84
23
249
76
180
111
182, 278
148, 55
82, 278, 153
199, 242, 29
65
224, 69
139, 189, 229
118, 121, 76
37
182, 19, 295
186
143, 28
99, 279
180, 60, 218
242, 149, 76
126, 284, 7
21, 178
62, 94, 16
32, 282, 263
125, 82, 185
225, 38, 220
57
74, 90
54, 118, 294
293, 44
211, 15, 17
145, 296, 47
7, 130
124, 276
119
180
182, 183, 53
78
32
78, 273, 104
67
297, 21, 236
189, 187, 79
264
6
109
125, 223, 19
126
89, 20, 99
243, 295
34
27, 2, 17
172, 169
299, 165
218
96
36, 116, 22
149, 41, 189
89, 140
299, 187, 18
3, 253
101
246, 89
18
100, 50
201, 3
178, 116
43
63
120, 137
232, 222, 291
84, 31
101
116, 46
212, 189, 140
4, 93, 146
3, 108
113, 217, 31
242
239, 118
156, 243
96
267
105
250, 285, 111
185, 37
258, 293
85, 280
219, 197, 46
170, 295, 66
6, 93
106, 258, 62
48, 222, 154
226
38, 12
46, 265
85, 213
83, 107
117
50, 6
164, 178
281, 104, 23
225
288
79, 188, 274
69
130
284, 24
220, 192, 196
170
174, 231
163
97, 140, 131
60, 151
155, 89, 189
9, 152
46, 121, 73
73
220, 227
182, 275, 7
134, 210, 13
42, 141
25, 260, 243
102, 12
142
271
129
66, 182, 53
16, 243
292, 172
9, 200, 13
209
62, 1
62
240, 122
1
243, 100, 220
254, 180
180
68, 101, 40
163
117, 128, 221
197, 139, 41
16, 8
252, 69
243, 139, 203
237
209
268, 251, 30
64, 70
160, 15
213, 216
142, 149
145, 110
147
293
163
18
142
293, 82, 124
207, 14
247, 161
156
175, 295
142, 14
86
204
69, 174
74
105
228, 136
9, 218
121, 28
242
122, 66
39
32, 253, 161
254, 99, 83
125
123, 277
204
273, 13
24, 44, 191
90, 147
129, 225, 191
243, 15
213, 11, 21
46, 193, 280
166, 227, 149
268, 154
82, 76
141, 39, 230
247, 217, 260
116, 86, 188
236
242, 187
141, 207, 139
70, 252
52, 180, 182
269, 252, 97
38
171, 53, 232
243, 269
137
37, 239
108, 238, 224
86, 224
80
245
27
143, 196, 99
68
4, 113
115, 52, 6
110
227, 185, 281
25, 164, 24
255
157, 59
273
274, 48, 155
78, 131
19, 132, 126
263, 185, 98
179, 293, 270
209, 96
162, 283, 114
