18.4692, 16.32491, 10.37499, 8.121862, 7.76924, 17.83652, 14.77046, 8.309133, 5.850318, 14.81426, 6.187748, 9.755786, 18.45852, 19.23158, 13.86011, 11.10334, 8.862295, 19.01956, 18.13656, 12.89627, 18.343, 16.81819, 7.156462, 15.57407, 8.809523, 7.091651, 12.54944, 7.566531, 16.725, 8.647123, 8.948218, 14.70886, 13.96753, 6.970721, 14.22412, 12.18584, 15.14991, 5.275189, 12.08953, 13.77659, 18.27123, 5.849586, 15.82166, 13.27231, 14.72857, 17.27395, 9.766931, 17.95069, 19.33202, 12.91572, 11.77683, 17.88765, 10.17451, 18.13679, 14.84736, 13.53451, 13.19875, 18.00192, 13.70825, 17.03572, 9.895419, 15.48802, 14.07728, 5.857144, 8.370956, 16.06342, 19.57569, 6.83467, 19.07778, 17.24517, 9.898355, 6.080255, 14.22778, 8.495823, 11.49481, 14.75345, 15.56239, 7.886046, 7.325888, 15.28172, 19.63649, 15.56341, 12.42734, 9.797738, 15.0197, 6.770977, 11.03264, 13.04846, 13.6484, 8.603644, 19.63196, 7.588641, 8.597214, 10.35968, 19.15984, 11.43855, 8.252788, 9.708736, 5.810478, 13.26034, 9.265421, 6.309147, 9.541202, 16.47649, 12.1949, 6.678415, 6.376859, 16.55266, 18.46811, 19.75398, 6.856574, 13.82881, 16.96861, 13.02395, 13.37518, 5.883216, 8.380366, 13.41506, 14.61173, 11.37313, 12.92721, 5.660476, 12.11091, 8.603867, 11.92203, 10.91125, 13.5411, 6.045455, 10.47015, 19.23466, 7.794961, 18.74663, 5.317693, 8.794734, 12.66357, 18.57564, 16.10818, 5.220827, 16.45233, 18.10864, 19.16208, 10.98712, 18.45941, 18.59845, 9.075088, 15.56127, 7.575564, 11.00556, 12.06736, 8.66492
27, 2, 32, 31
33, 19, 17, 2, 38, 29, 37
50, 11, 4, 15, 30, 24, 26
7, 16, 49, 6, 40, 43, 14
42, 30, 17, 26
28, 12, 22, 6, 18, 3, 4
34, 19
3, 5, 32
15, 40, 23, 45
28, 2, 34, 31, 38, 14, 30
40, 39
28, 47
39, 12, 23, 50, 31
43, 36, 48, 16, 17
33, 43, 31
16, 21, 10, 41, 12, 13, 32
49, 45
41, 8, 35, 20, 5
9, 39, 3, 37, 19
17, 47
13, 48
46, 30, 22, 6, 10
30, 3
29, 3, 33
19, 41, 10
35, 7, 28, 18, 4, 24, 19
49, 27, 34, 3, 46
37, 1, 47, 17, 8, 45
4, 45, 33, 6, 49, 31
44, 40, 29, 6
5, 40, 9, 33, 14, 21
32, 21, 24, 16, 14, 1, 4
26, 20, 8
29, 34, 37, 35, 6, 10
25, 36
83, 91
54, 98
94, 60, 89, 95, 69, 86
89, 63, 79
68, 73, 59, 80, 97, 79
77, 84, 85, 64, 72
99, 78, 93, 88, 100, 65
77, 65, 100, 87
95, 96, 64
56, 76, 98, 79
52, 58, 91, 67, 60, 66
83, 75, 68, 96
80, 57, 100, 69, 61, 99, 64
53, 73, 91
87, 78, 93, 97, 59, 61
70, 58, 56
69, 83, 88, 93, 100, 82, 65
70, 98, 51
89, 83, 75, 72, 53, 95, 88
65, 98, 92, 59, 100
76, 92, 55
53, 80, 55, 75, 84
52, 92, 80
97, 55, 96, 89, 76
79, 58
67, 90
73, 94, 59, 78, 53
93, 70, 64
83, 98, 94
94, 90, 71, 52, 68, 85, 82
64, 70, 57, 89, 93
89, 70
65, 92, 51
91, 56, 83
62, 74, 81, 93, 61, 80, 67
124, 140, 133, 126
139, 143, 108, 119, 137
146, 107, 112, 141, 115, 138, 117
148, 101, 111, 131
121, 116
116, 149, 117, 144, 139, 133
139, 105, 145, 118, 137, 136, 132
133, 123, 139, 131
127, 117, 115, 135, 119, 137
137, 133, 114, 145
112, 105, 139, 113, 126, 149
135, 121, 132, 106, 125, 108
109, 118, 143, 122, 146, 101
136, 140, 145, 109, 128, 134
107, 122, 120, 149, 135, 125, 109
143, 112, 105
131, 130
110, 123, 103, 114, 139, 109
128, 142, 132, 123, 122
111, 103, 139, 138, 144
146, 135, 126, 130, 145
115, 148, 144, 117, 135, 123, 139
129, 149, 124, 126, 122, 114, 127
141, 109, 110
101, 113, 134, 135, 147, 128, 104
147, 109, 120, 113, 110, 134, 126
110, 115, 117, 103, 108, 146, 116
148, 135, 103, 138, 127
133, 113, 116, 146, 111, 109
141, 128, 111
150, 145, 137
102, 122, 128, 125, 137, 121
149, 147, 120, 144, 119, 131, 106
143, 132, 106, 112, 121, 131
140, 116, 105, 120, 117
