9.489732, 8.774971, 6.791665, 6.040621, 5.92308, 9.278839, 8.256821, 6.103044, 5.283439, 8.271419, 5.395916, 6.585262, 9.486172, 9.74386, 7.953371, 7.034448, 6.287432, 9.673187, 9.378853, 7.632091, 9.447665, 8.939396, 5.718821, 8.524689, 6.269841, 5.697217, 7.51648, 5.85551, 8.908335, 6.215708, 6.316073, 8.236285, 7.989177, 5.656907, 8.074705, 7.39528, 8.383304, 5.09173, 7.363175, 7.925531, 9.423744, 5.283195, 8.607221, 7.757435, 8.242857, 9.091318, 6.588977, 9.316895, 9.777339, 7.638574, 7.258945, 9.295882, 6.724835, 9.378931, 8.282455, 7.844838, 7.732917, 9.333974, 7.902751, 9.011907, 6.631806, 8.496006, 8.025761, 5.285715, 6.123652, 8.687807, 9.858564, 5.611557, 9.692594, 9.081724, 6.632785, 5.360085, 8.075928, 6.165274, 7.164938, 8.25115, 8.520798, 5.962015, 5.775296, 8.42724, 9.878831, 8.521137, 7.475779, 6.599246, 8.339901, 5.590326, 7.01088, 7.68282, 7.8828, 6.201215, 9.877319, 5.86288, 6.199071, 6.786559, 9.719948, 7.146184, 6.084263, 6.569579, 5.270159, 7.753446
9, 30, 75, 47, 11, 100, 73
99, 13, 58, 78, 52, 54, 6, 21, 96, 59, 39, 48, 4
25, 46, 39, 56, 7, 35, 90, 18, 85
26, 51, 89, 72
77, 87, 93, 39
91, 27, 70, 17, 39, 45, 23, 42, 49, 4, 59, 58, 75
39, 34, 3, 79, 61, 80, 82, 92, 20, 8, 27
52, 58, 87, 14, 31, 30, 12, 81, 88, 28, 35
62, 34, 53, 94, 54, 22, 43, 12, 35, 5, 7, 14, 60
19, 5, 9, 65, 44, 28, 76, 96
85, 55, 4, 69, 63, 79, 28, 64, 5, 73, 70, 13, 48, 83
77, 23, 47, 79, 64, 54, 80, 68, 91
36, 25, 65, 85, 61, 82, 30
20, 86, 25, 27, 69, 9, 93, 85
82, 15, 71, 42, 10, 54, 17, 74, 4
41, 3, 33, 93, 15, 24, 91, 61, 84, 55, 100, 11
11, 60, 5, 27, 54, 4
27, 37, 82, 20, 84, 67, 13, 53, 35, 7, 48
65, 97, 53, 69, 5, 95, 74, 68
98, 36, 17, 97
7, 91, 66, 13, 94, 64, 46, 82, 74, 54, 11, 61
82, 19, 69, 29, 44
63, 41, 49, 32, 30, 1, 8, 96, 48, 37, 14, 100, 51, 60
73, 13, 21, 7, 68, 4, 62, 77, 95, 97, 87, 100
21, 80, 93, 41, 77, 100, 72, 24, 55, 73, 32, 97, 16
65, 63, 59, 51, 100, 69, 28, 44, 70, 88
88, 79, 59, 32, 34, 51, 28, 53, 72, 18
94, 29, 46, 11, 50, 100, 58, 75, 4, 15, 77, 32, 18
38, 65, 50, 36, 93, 90, 56
62, 40, 24, 15, 31
5, 46, 83, 73, 71, 53
99, 18, 24, 29, 37, 16, 11, 85, 34, 60, 71, 80, 36
34, 27, 38, 94, 2, 93, 72, 61, 47, 42, 6
86, 62, 29, 94, 83, 17, 30, 24, 47, 78, 8, 55, 4, 53
53, 72, 27, 4
62, 57, 92, 10, 98, 78, 52, 6, 94, 14, 13, 30, 72
45, 89, 18, 58, 5, 29, 81, 38, 26
65, 96, 89, 82, 83, 76
4, 38, 75, 70, 62, 27, 39, 14
92, 9, 76, 40, 25, 29, 80, 2, 23, 75, 10, 60, 94
16, 59, 31, 38, 46, 78, 64, 51, 56, 70, 79, 15, 34
89, 90, 14, 23, 83, 31, 80, 36, 34, 86, 1, 20
14, 40, 31, 76, 30, 94, 33, 86, 78, 65, 87
10, 92, 37, 78, 77, 68, 43, 62, 44, 73, 59, 65
34, 30, 71, 39, 79, 97, 70, 61, 26
83, 22, 9, 78, 26, 53, 98, 74, 64, 38, 60, 12, 47, 16
17, 36, 87, 45, 94, 1, 68, 66, 74, 84, 16, 54
87, 13, 44, 39, 98, 72, 52, 18, 28, 78, 22, 10
61, 60, 80, 19, 45
29, 83, 18, 62
