898.0485, 755.2392, 358.9746, 208.916, 185.4314, 855.9119, 651.7128, 221.3882, 57.63118, 654.6295, 80.10404, 317.7353, 897.3371, 948.8232, 591.0835, 407.4827, 258.2289, 934.7028, 875.8948, 526.8917, 889.6435, 788.0914, 144.6204, 705.2328, 254.7142, 140.304, 503.7926, 171.931, 781.8853, 243.8984, 263.9513, 647.6098, 598.2375, 132.25, 615.3261, 479.5769, 676.9841, 19.3276, 473.1624, 585.521, 884.8641, 57.58246, 721.7228, 551.9356, 648.9228, 818.4453, 318.4776, 863.5156, 955.5123, 528.1872, 452.3371, 859.3173, 345.6221, 875.9104, 656.8344, 569.3986, 547.0369, 866.9281, 580.9697, 802.5791, 327.0349, 699.502, 605.547, 58.08582, 225.5057, 737.8239, 971.7411, 123.189, 938.5802, 816.5284, 327.2305, 72.945, 615.5705, 233.8218, 433.5546, 650.5797, 704.4554, 193.2106, 155.9042, 685.7626, 975.7904, 704.5231, 495.6607, 320.5294, 668.3122, 118.9471, 402.7738, 537.0275, 576.9834, 241.0027, 975.4884, 173.4035, 240.5745, 357.9545, 944.0455, 429.8076, 217.6357, 314.6018, 54.97785, 551.1386
9, 30, 75, 47, 11, 100
90, 98, 13, 58, 77, 51, 53, 6
57, 64, 42, 52, 5, 46
47, 40, 56, 7, 36, 91
92, 3, 25, 50, 87
2, 76, 86, 92, 39, 98, 95, 26
18, 40, 47, 24, 43, 51, 4, 61
85, 65, 38, 34, 3, 77, 60, 78
99, 21, 8, 29, 62, 49, 56, 83, 13
32, 13, 85, 93, 30, 37
62, 34, 53, 94, 54, 22, 43, 12, 35
8, 16, 67, 37, 18
9, 66, 45, 29, 77
95, 84, 54, 4, 68, 62, 78
68, 5, 78, 76, 14, 52
51, 77, 23, 47, 78, 63, 53, 79, 67
33, 35, 25, 64, 84, 60, 81, 30, 39
87, 25, 27, 69, 9
91, 52, 81, 15, 70, 41, 10, 53, 17
5, 78, 40, 3, 33, 91, 14, 23
66, 90, 59, 44, 12, 20, 10, 56, 5
57, 5, 67, 26, 36, 80
88, 70, 14, 55, 36, 7
42, 65, 96, 52, 68, 5, 94
74, 1, 96, 35, 17, 95, 77, 6
67, 13, 96, 65, 47, 83, 76, 55, 12
10, 81, 19, 69, 29, 43, 89, 58
50, 32, 30, 1, 8, 31, 49
16, 70, 57, 67, 73, 99
21, 7, 69, 5, 64
4, 8, 95, 80, 83, 20, 76, 88, 38
22, 76, 25, 57, 77, 34, 43, 17
65, 63, 59, 51, 100, 69, 28, 44
97, 57, 87, 78, 99, 31, 34, 50
57, 78, 19, 88, 91, 28
11, 52, 97, 60, 77, 4, 15
36, 20, 35, 37, 63, 49, 34, 91, 87
13, 61, 40, 23, 15, 31, 97
46, 84, 74, 71, 54
99, 18, 24, 29, 37, 16, 11, 85, 34
79, 89, 40, 68, 32, 26, 37, 91
97, 76, 65, 50, 44
100, 86, 62, 28, 93
18, 31, 25, 49, 82, 9, 58, 4, 56
53, 72, 27, 4, 81
58, 93, 10, 99, 79, 52, 6, 53
14, 33, 80, 53, 43
19, 59, 5, 29, 83, 39, 27, 25, 60
91, 83, 85, 78, 41, 4, 36, 71, 67
28, 41, 15, 81, 89, 8, 73, 38
30, 84, 2, 24, 79, 10
91, 84, 16, 58, 30, 37, 45, 76
55, 60, 76, 85, 16, 37, 75, 83
15, 23, 85, 31, 81, 37, 34, 88, 1
65, 14, 40, 31, 76, 29
35, 91, 83, 70, 93, 73, 10, 86, 100
80, 71, 45, 65, 46, 76, 61, 68
34, 30, 71, 39, 79, 97, 70
28, 93, 81, 22, 9, 76, 26, 52
80, 68, 41, 64, 13
18, 80, 16, 35, 85, 44, 93
72, 71, 79, 90, 17
74, 86, 13, 44, 39, 97, 72
19, 30, 84, 24, 10, 12, 57
81, 20, 46, 5, 28, 80, 17
55, 83, 64, 46, 45, 63, 21, 5
80, 94, 61, 88, 69, 50, 59, 90, 84
98, 90, 35, 72, 49, 84
57, 98, 49, 54, 46, 28, 100, 30, 75
20, 87, 2, 25, 68
75, 62, 9, 91, 89, 17, 40, 24
74, 58, 94, 20, 29, 33
18, 17, 34, 52, 91
5, 79, 56, 68, 62, 24, 30, 90
19, 22, 79, 55, 99, 24
91, 75, 73, 3, 43, 55, 49, 74, 42
97, 95, 40, 90, 39, 65, 13, 63, 80
11, 24, 44, 67, 53, 76, 31, 9
37, 64, 16, 31, 53, 56, 49
48, 44, 90, 33, 68, 51, 64, 41
