107.9589, 105.0999, 97.16666, 94.16248, 93.69232, 107.1154, 103.0273, 94.41218, 91.13376, 103.0857, 91.58366, 96.34105, 107.9447, 108.9754, 101.8135, 98.13779, 95.14973, 108.6927, 107.5154, 100.5284, 107.7907, 105.7576, 92.87528, 104.0988, 95.07936, 92.78887, 100.0659, 93.42204, 105.6333, 94.86283, 95.26429, 102.9451, 101.9567, 92.62763, 102.2988, 99.58112, 103.5332, 90.36692, 99.4527, 101.7021, 107.695, 91.13278, 104.4289, 101.0297, 102.9714, 106.3653, 96.35591, 107.2676, 109.1094, 100.5543, 99.03578, 107.1835, 96.89934, 107.5157, 103.1298, 101.3794, 100.9317, 107.3359, 101.611, 106.0476, 96.52723, 103.984, 102.103, 91.14286, 94.49461, 104.7512, 109.4343, 92.44623, 108.7704, 106.3269, 96.53114, 91.44034, 102.3037, 94.6611, 98.65975, 103.0046, 104.0832, 93.84806, 93.10118, 103.709, 109.5153, 104.0845, 99.90312, 96.39698, 103.3596, 92.3613, 98.04352, 100.7313, 101.5312, 94.80486, 109.5093, 93.45152, 94.79629, 97.14624, 108.8798, 98.58474, 94.33705, 96.27831, 91.08064, 101.0138, 95.68723, 91.74553, 96.05494, 105.302, 99.5932, 92.23789, 91.83581, 105.4036, 107.9575, 109.672, 92.47543, 101.7717, 105.9582, 100.6986, 101.1669, 91.17762, 94.50715, 101.2201, 102.8156, 98.4975, 100.5696, 90.88063, 99.48121, 94.80516, 99.22937, 97.88167, 101.3881, 91.39394, 97.29354, 108.9795, 93.72661, 108.3288, 90.42359, 95.05965, 100.2181, 108.1008, 104.8109, 90.29444, 105.2698, 107.4782, 108.8828, 97.98283, 107.9459, 108.1313, 95.43345, 104.0817, 93.43409, 98.00741, 99.42315, 94.88656
27, 2, 32, 31
33, 19, 17, 2, 38, 29, 37
50, 11, 4, 15, 30, 24, 26
7, 16, 49, 6, 40, 43, 14
42, 30, 17, 26
28, 12, 22, 6, 18, 3, 4
34, 19
3, 5, 32
15, 40, 23, 45
28, 2, 34, 31, 38, 14, 30
40, 39
28, 47
39, 12, 23, 50, 31
43, 36, 48, 16, 17
33, 43, 31
16, 21, 10, 41, 12, 13, 32
49, 45
41, 8, 35, 20, 5
9, 39, 3, 37, 19
17, 47
13, 48
46, 30, 22, 6, 10
30, 3
29, 3, 33
19, 41, 10
35, 7, 28, 18, 4, 24, 19
49, 27, 34, 3, 46
37, 1, 47, 17, 8, 45
4, 45, 33, 6, 49, 31
44, 40, 29, 6
5, 40, 9, 33, 14, 21
32, 21, 24, 16, 14, 1, 4
26, 20, 8
29, 34, 37, 35, 6, 10
25, 36
83
52, 54, 97
94, 60, 89
71, 89, 61
63, 79, 89
73, 59
83, 82
77, 84
65, 74, 87
79, 94, 89
67, 68
65, 78
60, 94, 96
73
76
81, 90, 52
93
61, 68
83, 75
99, 97
57, 81
62, 58
62
73
88, 86, 77
100, 59, 62
70
56
69, 83, 88
71, 85, 66
70
51, 98, 87
76, 73
100
82, 65, 97
59, 66, 63
93, 55
53, 80
77
64, 52, 91
79, 96
98
78, 54, 100
57
91
73, 94
80
65
71, 64, 63
72, 92, 95
149, 145, 141, 148, 137, 120, 102, 117, 132, 130, 126, 111, 116
142, 146, 104, 137, 119, 112, 114, 147, 101, 110
106, 133, 144, 140, 108, 127, 114, 117, 120, 134, 128, 122, 123, 129
109, 119, 138, 142, 147, 107, 111, 137, 114, 135, 116, 115, 136, 101, 150
107, 120, 116, 137, 115, 145, 148, 140, 136, 130, 139, 141, 104
119, 139, 149, 134, 121, 130, 146, 135, 128, 145, 122, 114, 112, 127, 115
121, 137, 132, 114, 144, 138, 110, 104, 134, 112, 122, 143, 131, 126
133, 107, 126, 109, 138, 108, 116, 146, 120, 141, 101, 129
140, 146, 109, 129, 134, 139, 106, 120, 117, 119, 131, 122, 108, 112
112, 105, 106, 129, 128, 137, 109, 121, 102, 150, 134, 108, 125, 143, 131
124, 123, 132, 111, 103, 137, 135, 141, 127, 145, 129, 121, 150
146, 114, 147, 143, 117, 134, 123, 138, 137, 124, 140, 120, 121, 118, 111
116, 140, 109, 110, 141, 101, 112, 131, 143, 142, 125, 104, 136
109, 121, 113, 110, 134, 127, 142, 150, 148, 115, 103, 107, 139, 144, 120
135, 103, 139, 127, 133, 129, 112, 114, 141, 110, 108, 109, 131, 121, 148
150, 145, 137, 135, 102, 120, 126, 123, 134, 119, 138
148, 120, 145, 149, 132, 106, 130, 137, 128, 105, 110, 118, 126, 121, 129
105, 121, 118, 131, 108, 115, 125, 126, 122, 136, 148
117, 135, 126, 132, 120, 101, 115, 119, 121, 108, 118, 137, 131, 104, 114
137, 105, 143, 116, 101, 104, 115, 109, 125, 123, 139, 126, 135, 144
