1, 1, 1, 1, 1, 1, 1, 1, 1, 1, 1, 1, 1, 1, 1, 1, 1, 1, 1, 1, 1, 1, 1, 1, 1, 1, 1, 1, 1, 1, 1, 1, 1, 1, 1, 1, 1, 1, 1, 1, 1, 1, 1, 1, 1, 1, 1, 1, 1, 1
32, 30
44, 32, 1, 11, 31
35, 27, 14, 44, 48
15, 14, 9, 11, 50, 49, 7
11, 40
46, 41, 3, 22, 13
26, 9, 37
13, 49, 39
33, 16, 30, 49, 24
25, 12, 37, 4, 15, 33
8, 25, 24, 36, 9
44, 3, 16, 1, 11, 32, 14
3, 28, 6, 42, 1
5, 26, 19, 4, 15, 31
24, 7, 27, 10, 42, 18, 14
45, 9
7, 50, 6, 25, 14, 2, 46
2, 28, 14, 10, 7, 15
7, 22
36, 5
7, 11, 44, 45, 13, 6, 36
46, 49, 50, 23, 14, 12
25, 16, 47, 30, 6
46, 23, 44, 29
44, 25, 48, 16, 23
32, 37, 28, 47
22, 12, 4, 40, 11
31, 49, 19, 27, 20, 26, 46
5, 32, 21
41, 16
30, 35, 21, 17, 49, 20
6, 15, 23, 17, 28
48, 2
32, 16, 36, 31, 46, 6, 39
34, 38, 43, 42, 50, 36, 47
